0.7042246447563172
0.6961456501960754
0.6937259281158448
0.6934963256835938
0.6910382678031921
0.6885142057418824
0.685643138885498
0.6828449694633484
0.6793373101234436
0.6749905689239502
0.6705303587913514
0.6661472164154053
0.6621911613464355
0.6567878580093384
0.6538569911003113
0.6510649072647094
0.6480948298454284
0.6466300419807434
0.6453981040000916
0.6443106602668762
0.6446882491111755
0.6428583871841431
0.6426724994659424
0.6424544713497162
0.642024836063385
0.6417099431037903
0.6415929919242859
0.641071496963501
0.6426981401920319
0.6414262899398804
0.6410078513145446
0.6412514876365661
0.6406538460731507
0.6411276041030883
0.6406998593330383
0.64112622756958
0.6399780237674713
0.6402289054870606
0.640025426864624
0.6413658349514008
0.640813757276535
0.6407436603546143
0.6406676611900329
0.6509177668571472
0.6693678254127502
0.6517242666244507
0.6435682107925415
0.6423572257041931
0.6406812204360962
0.6402339018821717
