0.6954713147163392
0.6935824146270752
0.6922623594284057
0.6917825288772583
0.6915278366088867
0.6910993012428284
0.6903056519508362
0.6894457557678223
0.6886015343666076
0.6878511268615722
0.6868322033882142
0.6858225765228272
0.6848818158149719
0.6830665676116944
0.6824897979736329
0.6806998016357422
0.6797781777381897
0.67851677942276
0.6768942085266113
0.675740571308136
0.6744044975280762
0.6732158836364746
0.6726738899230957
0.6711053411483765
0.6700975666999817
0.6684094693183898
0.6673709867477416
0.6665234908103943
0.6651725377082824
0.6639084246635437
0.6629315389633179
0.661853874874115
0.6607943285942077
0.6597706182479859
0.6587294970512391
0.6576911208152771
0.6570269890785218
0.6555900855064392
0.6547467820167542
0.6547255067825317
0.6532773655891418
0.6523323009490967
0.6514913724899292
0.6511995938301086
0.6408869863510132
0.6044886899471283
0.5627994681835174
0.518138659286499
0.45688237113952634
0.40337961113452914
