0.7043108241081237
0.6972087351799011
0.6938271333694458
0.6933795498847961
0.6913459331512452
0.6894937271118164
0.6869257162094117
0.6847689476013183
0.6806745938301086
0.677476436328888
0.6736454195976257
0.6696594351768493
0.6646720629692078
0.6606540535926819
0.6575615248680114
0.6547041334152222
0.6539965669631957
0.6511976536750793
0.6485840112686158
0.6469292706489563
0.6453189943313599
0.6441415473937988
0.6438140087127685
0.6434198190689087
0.6424122190475464
0.6416092085838317
0.6415710931777954
0.64176772813797
0.6420549924850464
0.6416950690269471
0.6406705409049988
0.6412853013038635
0.6407604908943176
0.6402489154815674
0.6408605451583862
0.6409811902999878
0.6589284895896912
0.6567522180557251
0.6478911752700806
0.6425741186141968
0.6413191735267639
0.6403263498306274
0.6397467474937439
0.6394263666152954
0.6394176312923432
0.6388558110237121
0.6393298684120178
0.638794819355011
0.6384454604148865
0.6395094600200653
